3 2 room_4 1702494570 1
4 1 room_4 1702494570 1
5 2 TuanAnhDz 1703664171 1
6 1 NCTuanAnh 1703778359 1
7 1 TuanAnhSP 1703778459 1
8 1 AnhNCTDZ 1703834892 1
9 1 AnhNCTDZ 1703834894 1
10 1 AnhNCTDZ 1703834895 1
11 3 AnhDZ 1703835087 1
12 3 tadzha 1703835214 1
13 1 AnhKKK 1703835297 1
14 3 Obama 1703835395 1
15 1 TuanAnhDz03 1703835846 1
16 1 TuanAnhDz03 1703835854 1
17 1 anh 1703836304 1
18 1 Hello 1703836317 1
19 3 hello 1703836367 1
20 3 DemoBug 1703935049 1
21 3 AnhDzDonha 1703954386 1
22 1 room 20 1704033593
23 1 anh1 1704212505 1
24 1 123 1704213205 1
23 1 1704272252 1 24
1 1704272256 1 25 1
25 2 anh2 1704279877 1
