1 2 deo 80.000000 8000.000000 1 1704280905 60 1 1 1.000000 Image/image_1.jpeg
2 2 hello 6.000000 600.000000 1 1704280924 60 1 1 1.000000 Image/image_2.jpeg
3 2 Fridge 1.000000 100.000000 1 1704282495 60 1 2 1.000000 Image/image_3.jpeg
4 1 macbook 222222.000000 2220222.000000 1 1704290074 60 1 3 1111.000000 Image/image_4.jpeg
5 2 macbook 400000.000000 4000000.000000 1 1704290109 70 1 1 20000.000000 Image/image_5.jpeg
8 3 demo1 220000.000000 122222222.000000 1 1704344365 60 0 2 1.000000 Image/image_8.jpeg
10 3 con_nguoi 0.000000 10000000.000000 funny_ 1704353371 60 0 1 0.000000 Image/image_10.jpeg
11 3 con_lon_con 20000.000000 20000000.000000 big_and_oishii 1704353408 60 1 1 20000.000000 Image/image_11.jpeg
12 5 con_cho_ 20000000.000000 20000000.000000 know_how_to_bark 1704353457 1800 0 2 100000.000000 Image/image_12.jpeg
13 4 con_khi 300000.000000 300000000.000000 know_how_to_ride_a_bike 1704353573 300 1 2 300000.000000 Image/image_13.jpeg
14 4 may_tinh 30000000.000000 60000000.000000 macbook_m1_ 1704353660 600 1 2 30000000.000000 Image/image_14.jpeg
15 7 cho 10000.000000 10000000.000000  1704354050 30 0 11 10000.000000 Image/image_15.jpeg
